1111010100010100101001110011000001011000101001011100000011100001010;001101,10, 11,00, 10,101110
100111000110101110100100010101001000011101001001000001101111111011011001010;010010,100,111,11,0110,011
11100111011010011100011100111100101001001100111111001010011100111011;111111,11,00,000,1101,110000,01100,00101
11111111001100001001100011111110110011100111000100010100011100000111001100010001;11000,0010,1111,0101,0011,100,101010,110,00110,00110
1111100010011110011100010011110100001111001001010000000010011111101001110;11,00001,01010,111101,1100,01001
11100001001000000100010000000111100100101010000101010011110101011001101101101;110010,10,10,001110,000,100,000010,011100,010,00
1010001011110110111010101101000001010101100011000110110000000100101111000010110;00,100011,1001,00011,11010,01000
001110101110100001011000100110011111111000110101011110010011011001100101;111001,01,01,1111,0011,000
01010101010000100111011000101110110101001111101000110010001001100100;00001,00010,01111,011010,00011,0100,10,00110
10100101101110011000;10,111,00,10,010,00
110110011010111111101000011100010101101000001001011001101011011001110101;100101,110100,101,01110,10101,00001,0011,00
10111100001001001100100111110001101011100110010010011111111010101010110010001000;1010,1100,1101,111,01011,11
0010100101101100001101111110000010000100001110011001010100101010001110000101;100,11000,011,00010,101101,000011,000,10,1100,101110
1000011001011001000001000100110010001011000010010000111111001110000011100;00010,11001,010000,10,10,111,1111,000101,000,001101
111110001110001011011010110001100010110011111010110110011011001001100010000;011000,00010,110111,010111,01,001,011,0111,00100,11000
110011011101001111110000001101101000000000010010001110111010011111;10110,001101,1010,110111,100010,010000,10011,01
11110011010110110100111111000110010100010111101111010110111010101010;1100,01011,0001,000000,010,00001,0110,010,010,010
00100011000101011001000001011111000111110101100101100000010011101001110111;01,001,0111,101,01,100101,10,11,01001,011
11011100001010111110110111000110111101011011011011101111100001010100110110110100;11,10100,110000,10,100111,00,11000,111,0001,0001
1110101010101000101100001011111110110101110000010011001110111111111011001100100;110,01000,01110,11,01,00,1010,01001
11000011101101111001110111000010001000010001100101011010000111111101111100101111;100111,110110,11,111,01,1011