0111101010101110000010011010000001101010111111011011110110110011011111100
100011001110101010001101011010010111001111010011010001111111001010101010111
011010010011111101111101100000100011110111111010001000110011011110010000001110101
010011011100110000110000001101100111010110000111100111111010101
00001111111100101100100111101010100011000100100110100110001011011000001101101110001
00001110010100100100011111010111010110010110000111110111110000000001
11110110100101111111101010010101110001001100111010111011110001000010000000010
10001111101110101000
01001100101110001101010111011100110110001011100011110001111011011110000
11100100001110010000000101101101001011111110011010010101111111110001011010110
11010011111110100011101101111111001101110110010001010011010110010001
01000010100110101100100010111110110001101110011001000101110110010100001
1101110000101010101000110011010101011110110010110010101111000101000111011011010110
110110111101011111111100110000101111111101101011011000011010011110101
011101111001101101110011000110001001011010000000001101010001001100111011
0010101001110100101011011111011111100101111011000001111100011011110110
1011010011000111100001011011110100011110001101001000001011111000011010
1001100110011010011011100011001001110111011111111100011111110000001110
00110110111101010100100010001110010001001011010011100010001100001110101101010
0010011001110000110000111010011110011000010111000101111000000101000000110011
001101000000100011011101011101010110011111001100010011100101111100
