00110111010100010100101001110011000001011000101001011100000011100001010
1001100011101111000010101001000011101001001000001101111111011011001010
1110001110000101001110001110011110010100100010111001010011100111011
010111110000100110000011111110110011100111000100010100011100000111001100010001
000011010010100111100111000100111101000011110010111101000000010011111101001110
1100111010010000011100001000000011100101010000101010011110101011001101101101
101100011010111101101010001011010000010101011000110001101100000000001101111000010110
011111101011101000010110001000001111111100011010101010011011001100101
00011010101010001000111011000101110110101001101010101000010001001100100
111110101101110011000
101110100100001111111010000100010101101000001101001001101011011001110101
1011110000100100110010011111000111001110011001001001111111110101110010001000
001011000100010011100110111110111000010000100001110011001010100101010001110000101
111001101110010110010011001001001100100010110000101000010111001110000011100
1111100001110001011101101000101100010110011111010110110011011110001100010000
101011110111011111100000010011011000000000010010001110111010011111
110101111000011101010011111100000010010100010111101111010110111010101010
0001001001011100101011001000001101110001111101011001011000000111101001110111
10100011010101111101101111110111101011011011011101111100001010100110110110100
1010001000010011000101100001011111110110111000010011001110111111111011001100100
11100010111101101111101100111000010001000010001100101011010000111111101111100101111
