1111010100010100101001110011000001011000101001011100000011100001010;001101,10,11,00,10,101110
00110111010100010100101001110011000001011000101001011100000011100001010
100111000110101110100100010101001000011101001001000001101111111011011001010;010010,100,111,11,0110,011
1001100011101111000010101001000011101001001000001101111111011011001010
11100111011010011100011100111100101001001100111111001010011100111011;111111,11,00,000,1101,110000,01100,00101
1110001110000101001110001110011110010100100010111001010011100111011
11111111001100001001100011111110110011100111000100010100011100000111001100010001;11000,0010,1111,0101,0011,100,101010,110,00110,00110
010111110000100110000011111110110011100111000100010100011100000111001100010001
1111100010011110011100010011110100001111001001010000000010011111101001110;11,00001,01010,111101,1100,01001
000011010010100111100111000100111101000011110010111101000000010011111101001110
11100001001000000100010000000111100100101010000101010011110101011001101101101;110010,10,10,001110,000,100,000010,011100,010,00
1100111010010000011100001000000011100101010000101010011110101011001101101101
1010001011110110111010101101000001010101100011000110110000000100101111000010110;00,100011,1001,00011,11010,01000
101100011010111101101010001011010000010101011000110001101100000000001101111000010110
001110101110100001011000100110011111111000110101011110010011011001100101;111001,01,01,1111,0011,000
011111101011101000010110001000001111111100011010101010011011001100101
01010101010000100111011000101110110101001111101000110010001001100100;00001,00010,01111,011010,00011,0100,10,00110
00011010101010001000111011000101110110101001101010101000010001001100100
10100101101110011000;10,111,00,10,010,00
111110101101110011000
110110011010111111101000011100010101101000001001011001101011011001110101;100101,110100,101,01110,10101,00001,0011,00
101110100100001111111010000100010101101000001101001001101011011001110101
10111100001001001100100111110001101011100110010010011111111010101010110010001000;1010,1100,1101,111,01011,11
1011110000100100110010011111000111001110011001001001111111110101110010001000
0010100101101100001101111110000010000100001110011001010100101010001110000101;100,11000,011,00010,101101,000011,000,10,1100,101110
001011000100010011100110111110111000010000100001110011001010100101010001110000101
1000011001011001000001000100110010001011000010010000111111001110000011100;00010,11001,010000,10,10,111,1111,000101,000,001101
111001101110010110010011001001001100100010110000101000010111001110000011100
111110001110001011011010110001100010110011111010110110011011001001100010000;011000,00010,110111,010111,01,001,011,0111,00100,11000
1111100001110001011101101000101100010110011111010110110011011110001100010000
110011011101001111110000001101101000000000010010001110111010011111;10110,001101,1010,110111,100010,010000,10011,01
101011110111011111100000010011011000000000010010001110111010011111
11110011010110110100111111000110010100010111101111010110111010101010;1100,01011,0001,000000,010,00001,0110,010,010,010
110101111000011101010011111100000010010100010111101111010110111010101010
00100011000101011001000001011111000111110101100101100000010011101001110111;01,001,0111,101,01,100101,10,11,01001,011
0001001001011100101011001000001101110001111101011001011000000111101001110111
11011100001010111110110111000110111101011011011011101111100001010100110110110100;11,10100,110000,10,100111,00,11000,111,0001,0001
10100011010101111101101111110111101011011011011101111100001010100110110110100
1110101010101000101100001011111110110101110000010011001110111111111011001100100;110,01000,01110,11,01,00,1010,01001
1010001000010011000101100001011111110110111000010011001110111111111011001100100
11000011101101111001110111000010001000010001100101011010000111111101111100101111;100111,110110,11,111,01,1011
11100010111101101111101100111000010001000010001100101011010000111111101111100101111